Q = 10000 w = 5G
kappa = 0.0031415926535897933

C-Phase:
0.9641246519561972 sin

resonator:0.9154494741344993
qubit:0.7065665329298767
all:0.6703500459249375
qubit:0.794710779174083
