function CData = copy()
	%copy
	%Image CData code generated by HardCodeImage


	CData(:,:,1)=[...
		1	1	1	1	1	1	1	0.784	0.255	0.016	0	0	0	0	0	0	0	0	0	0	0	0	0	0	0	0.024	0.278	0.816	1	1	1	1;...
		1	1	1	1	1	1	0.733	0.020	0	0	0	0	0	0	0	0	0	0	0	0	0	0	0	0	0	0	0	0.035	0.780	1	1	1;...
		1	1	1	1	1	0.992	0.129	0	0.176	0.722	0.812	0.812	0.812	0.812	0.812	0.812	0.812	0.812	0.812	0.812	0.812	0.812	0.812	0.812	0.812	0.702	0.153	0	0.173	1	1	1;...
		1	1	1	1	1	0.992	0.875	0.875	0.957	1	1	1	1	1	1	1	1	1	1	1	1	1	1	1	1	1	0.816	0	0	0.867	1	1;...
		1	1	1	1	1	0.839	0.588	0.561	0.561	0.561	0.561	0.561	0.561	0.561	0.561	0.561	0.561	0.561	0.753	1	1	1	1	1	1	1	1	0	0	0.812	1	1;...
		1	1	1	0.988	0.408	0	0	0	0	0	0	0	0	0	0	0	0	0	0	0.318	0.976	1	1	1	1	1	1	0	0	0.812	1	1;...
		1	1	1	0.482	0	0	0.141	0.247	0.247	0.247	0.247	0.247	0.247	0.247	0.247	0.247	0.247	0.122	0	0	0.302	0.976	1	1	1	1	1	0	0	0.812	1	1;...
		1	1	0.961	0.039	0	0.459	0.996	1	1	1	1	1	1	1	1	1	1	0.498	0	0	0	0.302	0.976	1	1	1	1	0	0	0.812	1	1;...
		1	1	0.820	0	0	0.949	1	1	1	1	1	1	1	1	1	1	1	0.498	0	0	0	0	0.302	0.976	1	1	1	0	0	0.812	1	1;...
		1	1	0.812	0	0	1	1	1	1	1	1	1	1	1	1	1	1	0.533	0	0	0	0	0	0.302	0.976	1	1	0	0	0.812	1	1;...
		1	1	0.812	0	0	1	1	1	1	1	1	1	1	1	1	1	1	0.824	0.008	0	0	0	0	0	0.329	1	1	0	0	0.812	1	1;...
		1	1	0.812	0	0	1	1	1	1	1	1	1	1	1	1	1	1	1	0.608	0.031	0	0	0	0	0	0.788	1	0	0	0.812	1	1;...
		1	1	0.812	0	0	1	1	0.796	0.439	0.435	0.435	0.435	0.435	0.435	0.435	0.573	0.996	1	1	0.941	0.765	0.749	0.749	0.133	0	0.580	1	0	0	0.812	1	1;...
		1	1	0.812	0	0	1	1	0.173	0	0	0	0	0	0	0	0	0.784	1	1	1	1	1	1	0.184	0	0.561	1	0	0	0.812	1	1;...
		1	1	0.812	0	0	1	1	0.467	0.004	0	0	0	0	0	0	0.133	0.922	1	1	1	1	1	1	0.184	0	0.561	1	0	0	0.812	1	1;...
		1	1	0.812	0	0	1	1	1	1	1	1	1	1	1	1	1	1	1	1	1	1	1	1	0.184	0	0.561	1	0	0	0.812	1	1;...
		1	1	0.812	0	0	1	1	1	1	1	1	1	1	1	1	1	1	1	1	1	1	1	1	0.184	0	0.561	1	0	0	0.812	1	1;...
		1	1	0.812	0	0	1	1	1	0.890	0.875	0.875	0.875	0.875	0.875	0.875	0.875	0.875	0.875	0.875	0.875	0.984	1	1	0.184	0	0.561	1	0	0	0.812	1	1;...
		1	1	0.812	0	0	1	1	0.373	0	0	0	0	0	0	0	0	0	0	0	0	0.188	0.988	1	0.184	0	0.561	1	0	0	0.812	1	1;...
		1	1	0.812	0	0	1	1	0.192	0	0	0	0	0	0	0	0	0	0	0	0	0.031	0.969	1	0.184	0	0.561	1	0	0	0.812	1	1;...
		1	1	0.812	0	0	1	1	0.859	0.518	0.498	0.498	0.498	0.498	0.498	0.498	0.498	0.498	0.498	0.498	0.502	0.773	1	1	0.184	0	0.561	1	0	0	0.812	1	1;...
		1	1	0.812	0	0	1	1	1	1	1	1	1	1	1	1	1	1	1	1	1	1	1	1	0.184	0	0.561	1	0	0	0.812	1	1;...
		1	1	0.812	0	0	1	1	1	1	1	1	1	1	1	1	1	1	1	1	1	1	1	1	0.184	0	0.561	1	0	0	0.812	1	1;...
		1	1	0.812	0	0	1	1	0.741	0.376	0.373	0.373	0.373	0.373	0.373	0.373	0.373	0.373	0.373	0.373	0.373	0.620	1	1	0.184	0	0.561	0.949	0	0	0.820	1	1;...
		1	1	0.812	0	0	1	1	0.161	0	0	0	0	0	0	0	0	0	0	0	0	0.004	0.957	1	0.184	0	0.557	0.451	0	0.043	0.965	1	1;...
		1	1	0.812	0	0	1	1	0.525	0.067	0.059	0.059	0.059	0.059	0.059	0.059	0.059	0.059	0.059	0.059	0.059	0.329	1	1	0.184	0	0.039	0	0	0.490	1	1	1;...
		1	1	0.812	0	0	1	1	1	1	1	1	1	1	1	1	1	1	1	1	1	1	1	1	0.184	0	0	0	0.416	0.988	1	1	1;...
		1	1	0.812	0	0	1	1	1	1	1	1	1	1	1	1	1	1	1	1	1	1	1	1	0.184	0	0.341	0.839	1	1	1	1	1;...
		1	1	0.863	0	0	0.816	1	1	1	1	1	1	1	1	1	1	1	1	1	1	1	1	0.953	0.063	0	0.667	1	1	1	1	1	1;...
		1	1	1	0.173	0	0.153	0.702	0.812	0.812	0.812	0.812	0.812	0.812	0.812	0.812	0.812	0.812	0.812	0.812	0.812	0.812	0.757	0.267	0	0.043	0.933	1	1	1	1	1	1;...
		1	1	1	0.776	0.035	0	0	0	0	0	0	0	0	0	0	0	0	0	0	0	0	0	0	0	0.616	1	1	1	1	1	1	1;...
		1	1	1	1	0.808	0.275	0.024	0	0	0	0	0	0	0	0	0	0	0	0	0	0	0.004	0.200	0.698	1	1	1	1	1	1	1	1;...
	];
	CData(:,:,2)=[...
		1	1	1	1	1	1	1	0.784	0.255	0.016	0	0	0	0	0	0	0	0	0	0	0	0	0	0	0	0.024	0.278	0.816	1	1	1	1;...
		1	1	1	1	1	1	0.733	0.020	0	0	0	0	0	0	0	0	0	0	0	0	0	0	0	0	0	0	0	0.035	0.780	1	1	1;...
		1	1	1	1	1	0.992	0.129	0	0.176	0.722	0.812	0.812	0.812	0.812	0.812	0.812	0.812	0.812	0.812	0.812	0.812	0.812	0.812	0.812	0.812	0.702	0.153	0	0.173	1	1	1;...
		1	1	1	1	1	0.992	0.875	0.875	0.957	1	1	1	1	1	1	1	1	1	1	1	1	1	1	1	1	1	0.816	0	0	0.867	1	1;...
		1	1	1	1	1	0.839	0.588	0.561	0.561	0.561	0.561	0.561	0.561	0.561	0.561	0.561	0.561	0.561	0.753	1	1	1	1	1	1	1	1	0	0	0.812	1	1;...
		1	1	1	0.988	0.408	0	0	0	0	0	0	0	0	0	0	0	0	0	0	0.318	0.976	1	1	1	1	1	1	0	0	0.812	1	1;...
		1	1	1	0.482	0	0	0.141	0.247	0.247	0.247	0.247	0.247	0.247	0.247	0.247	0.247	0.247	0.122	0	0	0.302	0.976	1	1	1	1	1	0	0	0.812	1	1;...
		1	1	0.961	0.039	0	0.459	0.996	1	1	1	1	1	1	1	1	1	1	0.498	0	0	0	0.302	0.976	1	1	1	1	0	0	0.812	1	1;...
		1	1	0.820	0	0	0.949	1	1	1	1	1	1	1	1	1	1	1	0.498	0	0	0	0	0.302	0.976	1	1	1	0	0	0.812	1	1;...
		1	1	0.812	0	0	1	1	1	1	1	1	1	1	1	1	1	1	0.533	0	0	0	0	0	0.302	0.976	1	1	0	0	0.812	1	1;...
		1	1	0.812	0	0	1	1	1	1	1	1	1	1	1	1	1	1	0.824	0.008	0	0	0	0	0	0.329	1	1	0	0	0.812	1	1;...
		1	1	0.812	0	0	1	1	1	1	1	1	1	1	1	1	1	1	1	0.608	0.031	0	0	0	0	0	0.788	1	0	0	0.812	1	1;...
		1	1	0.812	0	0	1	1	0.796	0.439	0.435	0.435	0.435	0.435	0.435	0.435	0.573	0.996	1	1	0.941	0.765	0.749	0.749	0.133	0	0.580	1	0	0	0.812	1	1;...
		1	1	0.812	0	0	1	1	0.173	0	0	0	0	0	0	0	0	0.784	1	1	1	1	1	1	0.184	0	0.561	1	0	0	0.812	1	1;...
		1	1	0.812	0	0	1	1	0.467	0.004	0	0	0	0	0	0	0.133	0.922	1	1	1	1	1	1	0.184	0	0.561	1	0	0	0.812	1	1;...
		1	1	0.812	0	0	1	1	1	1	1	1	1	1	1	1	1	1	1	1	1	1	1	1	0.184	0	0.561	1	0	0	0.812	1	1;...
		1	1	0.812	0	0	1	1	1	1	1	1	1	1	1	1	1	1	1	1	1	1	1	1	0.184	0	0.561	1	0	0	0.812	1	1;...
		1	1	0.812	0	0	1	1	1	0.890	0.875	0.875	0.875	0.875	0.875	0.875	0.875	0.875	0.875	0.875	0.875	0.984	1	1	0.184	0	0.561	1	0	0	0.812	1	1;...
		1	1	0.812	0	0	1	1	0.373	0	0	0	0	0	0	0	0	0	0	0	0	0.188	0.988	1	0.184	0	0.561	1	0	0	0.812	1	1;...
		1	1	0.812	0	0	1	1	0.192	0	0	0	0	0	0	0	0	0	0	0	0	0.031	0.969	1	0.184	0	0.561	1	0	0	0.812	1	1;...
		1	1	0.812	0	0	1	1	0.859	0.518	0.498	0.498	0.498	0.498	0.498	0.498	0.498	0.498	0.498	0.498	0.502	0.773	1	1	0.184	0	0.561	1	0	0	0.812	1	1;...
		1	1	0.812	0	0	1	1	1	1	1	1	1	1	1	1	1	1	1	1	1	1	1	1	0.184	0	0.561	1	0	0	0.812	1	1;...
		1	1	0.812	0	0	1	1	1	1	1	1	1	1	1	1	1	1	1	1	1	1	1	1	0.184	0	0.561	1	0	0	0.812	1	1;...
		1	1	0.812	0	0	1	1	0.741	0.376	0.373	0.373	0.373	0.373	0.373	0.373	0.373	0.373	0.373	0.373	0.373	0.620	1	1	0.184	0	0.561	0.949	0	0	0.820	1	1;...
		1	1	0.812	0	0	1	1	0.161	0	0	0	0	0	0	0	0	0	0	0	0	0.004	0.957	1	0.184	0	0.557	0.451	0	0.043	0.965	1	1;...
		1	1	0.812	0	0	1	1	0.525	0.067	0.059	0.059	0.059	0.059	0.059	0.059	0.059	0.059	0.059	0.059	0.059	0.329	1	1	0.184	0	0.039	0	0	0.490	1	1	1;...
		1	1	0.812	0	0	1	1	1	1	1	1	1	1	1	1	1	1	1	1	1	1	1	1	0.184	0	0	0	0.416	0.988	1	1	1;...
		1	1	0.812	0	0	1	1	1	1	1	1	1	1	1	1	1	1	1	1	1	1	1	1	0.184	0	0.341	0.839	1	1	1	1	1;...
		1	1	0.863	0	0	0.816	1	1	1	1	1	1	1	1	1	1	1	1	1	1	1	1	0.953	0.063	0	0.667	1	1	1	1	1	1;...
		1	1	1	0.173	0	0.153	0.702	0.812	0.812	0.812	0.812	0.812	0.812	0.812	0.812	0.812	0.812	0.812	0.812	0.812	0.812	0.757	0.267	0	0.043	0.933	1	1	1	1	1	1;...
		1	1	1	0.776	0.035	0	0	0	0	0	0	0	0	0	0	0	0	0	0	0	0	0	0	0	0.616	1	1	1	1	1	1	1;...
		1	1	1	1	0.808	0.275	0.024	0	0	0	0	0	0	0	0	0	0	0	0	0	0	0.004	0.200	0.698	1	1	1	1	1	1	1	1;...
	];
