function CData = Datatip()
    %

% Copyright 2015 Yulin Wu, Institute of Physics, Chinese  Academy of Sciences
% mail4ywu@gmail.com/mail4ywu@icloud.com

    CData(:,:,1) = [...
   NaN                 NaN                 NaN                 NaN                 NaN   0.611749446860456   0.611749446860456   0.611749446860456   0.611749446860456   0.611749446860456   0.611749446860456   0.611749446860456   0.611749446860456   0.611749446860456   0.611749446860456                 NaN;...
                 NaN                 NaN                 NaN                 NaN                 NaN   0.611749446860456   0.948332951857786   0.948332951857786   0.948332951857786   0.948332951857786   0.948332951857786   0.948332951857786   0.948332951857786   0.948332951857786   0.611749446860456   0.623529411764706;...
                 NaN                 NaN                 NaN                 NaN                 NaN   0.611749446860456   0.953429465171283   0.666926070038910   0.666926070038910   0.666926070038910   0.666926070038910   0.666926070038910   0.666956588082704   0.953459983215076   0.611749446860456   0.623529411764706;...
   0.080079346913863                 NaN                 NaN                 NaN                 NaN   0.611749446860456   0.960814831769284   0.928618295567254   0.928648813611048   0.928648813611048   0.928648813611048   0.928648813611048   0.928648813611048   0.960814831769284   0.611749446860456   0.623529411764706;...
   0.080079346913863                 NaN                 NaN                 NaN                 NaN   0.611749446860456   0.969542992294194   0.686030365453574   0.686030365453574   0.686030365453574   0.686030365453574   0.686030365453574   0.686030365453574   0.969542992294194   0.611749446860456   0.623529411764706;...
   0.080079346913863                 NaN                 NaN                 NaN                 NaN   0.611749446860456   0.978759441519799   0.961303120469978   0.961303120469978   0.961333638513771   0.961333638513771   0.961303120469978   0.961333638513771   0.978759441519799   0.611749446860456   0.623529411764706;...
                 NaN   0.160799572747387                 NaN                 NaN                 NaN   0.611749446860456   0.987487602044709   0.707301441977569   0.707331960021363   0.707331960021363   0.707331960021363   0.707301441977569   0.707331960021363   0.987487602044709   0.611749446860456   0.623529411764706;...
                 NaN   0.160799572747387                 NaN                 NaN   0.200015259021897   0.200015259021897   0.994872968642710   0.990661478599222   0.990691996643015   0.990661478599222   0.990661478599222   0.990691996643015   0.990661478599222   0.994872968642710   0.611749446860456   0.623529411764706;...
                 NaN                 NaN   0.160799572747387                 NaN   0.200015259021897   0.200015259021897   1.000000000000000   1.000000000000000   1.000000000000000   1.000000000000000   1.000000000000000   1.000000000000000   1.000000000000000   1.000000000000000   0.611749446860456   0.623529411764706;...
                 NaN                 NaN                 NaN                 NaN   0.175906004425116   0.175906004425116   0.623529411764706   0.611749446860456   0.611749446860456   0.611749446860456   0.611749446860456   0.611749446860456   0.611749446860456   0.611749446860456   0.611749446860456   0.623529411764706;...
                 NaN   0.140749217975128   0.140749217975128   0.140749217975128   0.140749217975128   0.140749217975128   0.140749217975128   0.140779736018921   0.140749217975128   0.623529411764706   0.623529411764706   0.623529411764706   0.623529411764706   0.623529411764706   0.623529411764706   0.623529411764706;...
                 NaN   0.100007629510948   0.099977111467155   0.100007629510948   0.100007629510948   0.100007629510948   0.100007629510948   0.100007629510948   0.099977111467155   0.623529411764706                 NaN                 NaN                 NaN                 NaN                 NaN                 NaN;...
                 NaN                 NaN   0.623529411764706   0.623529411764706   0.059235523002976   0.059235523002976   0.623529411764706   0.623529411764706   0.623529411764706   0.623529411764706                 NaN                 NaN                 NaN                 NaN                 NaN                 NaN;...
                 NaN                 NaN                 NaN                 NaN   0.024078736552987   0.024078736552987   0.623529411764706   0.160799572747387   0.160799572747387                 NaN                 NaN                 NaN                 NaN                 NaN                 NaN                 NaN;...
                 NaN                 NaN                 NaN                 NaN                   0                   0   0.623529411764706                 NaN                 NaN   0.160799572747387   0.160799572747387   0.160799572747387                 NaN                 NaN                 NaN                 NaN;...
                 NaN                 NaN                 NaN                 NaN                 NaN   0.623529411764706   0.623529411764706                 NaN                 NaN                 NaN                 NaN                 NaN   0.160799572747387   0.160799572747387   0.160799572747387                 NaN;...
    ];

