function CData = qos_1()
	%qos_1
	%Image CData code generated by HardCodeImage


	CData(:,:,1)=[...
		1.000	1.000	1.000	1.000	1.000	1.000	1.000	1.000	1.000	1.000	1.000	1.000	1.000	1.000	1.000	1.000	1.000	1.000	1.000	1.000	1.000	1.000	1.000	1.000	1.000	1.000	1.000	1.000	1.000	1.000	1.000	1.000;...
		1.000	1.000	1.000	1.000	1.000	1.000	1.000	1.000	1.000	1.000	1.000	1.000	1.000	1.000	1.000	1.000	1.000	1.000	1.000	1.000	1.000	1.000	1.000	1.000	1.000	1.000	1.000	1.000	1.000	1.000	1.000	1.000;...
		1.000	1.000	1.000	1.000	1.000	1.000	1.000	1.000	1.000	1.000	1.000	1.000	1.000	1.000	1.000	0.843	0.871	0.996	1.000	1.000	1.000	1.000	1.000	1.000	1.000	1.000	1.000	1.000	1.000	1.000	1.000	1.000;...
		1.000	1.000	1.000	1.000	1.000	1.000	1.000	1.000	1.000	1.000	0.953	0.890	0.996	1.000	0.965	0.290	0.278	0.953	1.000	0.929	0.502	0.647	1.000	1.000	1.000	1.000	1.000	1.000	1.000	1.000	1.000	1.000;...
		1.000	1.000	1.000	1.000	1.000	0.988	0.906	0.902	0.992	1.000	0.694	0.420	0.965	1.000	0.996	0.745	0.741	0.988	1.000	0.800	0.059	0.145	1.000	1.000	1.000	1.000	1.000	1.000	1.000	1.000	1.000	1.000;...
		1.000	1.000	1.000	1.000	0.992	0.608	0.188	0.188	0.545	1.000	0.957	0.894	0.996	1.000	1.000	1.000	1.000	1.000	1.000	0.961	0.620	0.718	1.000	1.000	0.961	0.988	1.000	1.000	1.000	1.000	1.000	1.000;...
		1.000	1.000	1.000	1.000	0.878	0.157	0	0	0.090	0.796	1.000	0.988	0.898	0.969	0.898	0.345	0.333	0.878	1.000	1.000	1.000	1.000	1.000	0.871	0.149	0.125	0.863	1.000	1.000	1.000	1.000	1.000;...
		1.000	1.000	1.000	1.000	0.824	0.055	0	0	0.039	0.725	1.000	0.647	0.192	0.357	0.702	0.016	0	0.576	0.980	0.902	0.996	1.000	1.000	0.812	0.047	0.047	0.710	1.000	1.000	1.000	1.000	1.000;...
		1.000	1.000	1.000	1.000	0.922	0.310	0.004	0.004	0.220	0.761	0.902	0.424	0.008	0.071	0.827	0.184	0.161	0.808	0.925	0.616	0.980	1.000	1.000	0.965	0.580	0.533	0.961	1.000	1.000	1.000	1.000	1.000;...
		1.000	1.000	0.973	0.584	0.475	0.741	0.620	0.604	0.718	0.200	0.251	0.769	0.463	0.694	0.992	0.851	0.816	0.992	1.000	0.992	1.000	0.871	0.663	1.000	1.000	1.000	1.000	0.965	1.000	1.000	1.000	1.000;...
		1.000	1.000	0.596	0.020	0	0.082	0.953	1.000	0.761	0.055	0.118	0.839	0.984	0.639	0.737	0.333	0.310	0.557	0.365	0.918	1.000	0.698	0.510	0.973	1.000	0.992	0.620	0.043	0.204	0.898	1.000	1.000;...
		1.000	1.000	0.255	0	0	0.004	0.773	0.949	0.914	0.776	0.753	0.827	0.847	0.518	0.651	0.827	0.796	0.514	0.259	0.431	0.502	0.957	0.980	0.976	0.976	0.973	0.329	0.004	0.008	0.745	1.000	1.000;...
		1.000	1.000	0.561	0.039	0.004	0.173	0.863	0.314	0.239	0.906	0.996	0.631	0.584	0.980	0.988	1.000	1.000	0.980	0.914	0.294	0.224	0.922	1.000	0.557	0.561	0.984	0.733	0.227	0.318	0.898	1.000	1.000;...
		1.000	1.000	0.973	0.702	0.620	0.882	0.949	0.275	0.216	0.906	0.843	0.925	0.976	1.000	1.000	1.000	1.000	1.000	1.000	0.910	0.867	0.984	1.000	0.706	0.659	0.984	0.996	0.925	0.945	1.000	1.000	1.000;...
		1.000	0.976	0.702	0.596	0.827	1.000	1.000	1.000	0.973	1.000	0.612	0.827	1.000	1.000	1.000	1.000	1.000	1.000	1.000	1.000	0.953	0.816	1.000	1.000	1.000	1.000	1.000	0.851	0.643	0.737	0.953	1.000;...
		1.000	0.675	0.063	0.004	0.220	0.898	0.855	0.541	0.941	1.000	0.925	0.992	1.000	1.000	1.000	1.000	1.000	1.000	1.000	1.000	1.000	0.937	0.988	0.949	0.482	0.804	0.925	0.235	0.024	0.067	0.592	1.000;...
		1.000	0.537	0.012	0	0.106	0.820	0.627	0.122	0.792	1.000	0.533	0.988	1.000	1.000	1.000	1.000	1.000	1.000	1.000	1.000	1.000	0.627	0.933	0.894	0.165	0.533	0.859	0.114	0	0.004	0.486	0.996;...
		1.000	0.878	0.133	0.043	0.361	0.961	0.969	0.878	0.984	1.000	0.980	0.996	1.000	1.000	1.000	1.000	1.000	1.000	1.000	1.000	0.988	0.973	1.000	0.992	0.902	0.953	0.988	0.494	0.047	0.259	0.796	1.000;...
		1.000	1.000	0.973	0.859	0.988	1.000	1.000	0.922	0.922	1.000	0.902	0.933	1.000	1.000	1.000	1.000	1.000	1.000	1.000	1.000	0.835	0.553	0.992	0.725	0.737	0.984	1.000	0.937	0.922	0.984	1.000	1.000;...
		1.000	1.000	0.992	0.784	0.604	0.914	0.984	0.451	0.373	0.988	0.969	0.498	0.533	0.965	1.000	1.000	1.000	1.000	1.000	0.906	0.863	0.945	0.910	0.188	0.161	0.894	0.580	0.176	0.251	0.827	1.000	1.000;...
		1.000	1.000	0.894	0.125	0.016	0.439	0.992	0.788	0.761	1.000	0.941	0.243	0.196	0.620	0.788	1.000	1.000	0.933	0.843	0.647	0.580	0.996	0.973	0.553	0.537	0.859	0.067	0	0	0.290	1.000	1.000;...
		1.000	1.000	0.863	0.031	0.004	0.341	0.988	1.000	1.000	0.945	0.957	0.902	0.761	0.196	0.298	0.486	0.400	0.565	0.298	0.902	0.937	0.380	0.314	0.886	0.988	0.886	0.020	0	0	0.224	1.000	1.000;...
		1.000	1.000	0.980	0.624	0.420	0.808	1.000	1.000	1.000	0.486	0.620	1.000	0.992	0.725	0.788	0.549	0.545	0.922	0.773	0.863	0.886	0.114	0.008	0.725	0.945	0.941	0.471	0.082	0.157	0.725	1.000	1.000;...
		1.000	1.000	1.000	0.996	0.980	0.996	0.937	0.937	0.996	0.941	0.957	0.996	0.941	0.980	0.965	0.592	0.561	0.957	0.396	0.114	0.553	0.678	0.482	0.541	0.157	0.145	0.580	0.867	0.910	0.992	1.000	1.000;...
		1.000	1.000	1.000	1.000	1.000	0.902	0.247	0.255	0.855	1.000	1.000	0.980	0.671	0.902	0.710	0.039	0.012	0.678	0.173	0	0.349	0.980	0.827	0.114	0	0	0.082	0.839	1.000	1.000	1.000	1.000;...
		1.000	1.000	1.000	1.000	1.000	0.714	0.024	0.035	0.675	1.000	1.000	1.000	0.976	0.996	0.741	0.075	0.063	0.714	0.773	0.455	0.824	0.996	0.761	0.075	0	0	0.016	0.800	1.000	1.000	1.000	1.000;...
		1.000	1.000	1.000	1.000	1.000	0.984	0.565	0.506	0.941	1.000	0.980	0.945	1.000	1.000	0.965	0.690	0.694	0.957	1.000	1.000	1.000	1.000	0.933	0.243	0.004	0.004	0.239	0.918	1.000	1.000	1.000	1.000;...
		1.000	1.000	1.000	1.000	1.000	1.000	0.996	0.988	1.000	1.000	0.459	0.149	0.812	1.000	1.000	0.976	0.973	1.000	1.000	0.988	0.706	0.875	1.000	0.906	0.537	0.533	0.886	0.996	1.000	1.000	1.000	1.000;...
		1.000	1.000	1.000	1.000	1.000	1.000	1.000	1.000	1.000	1.000	0.322	0.094	0.765	1.000	0.980	0.518	0.478	0.961	1.000	0.980	0.600	0.725	1.000	1.000	1.000	1.000	1.000	1.000	1.000	1.000	1.000	1.000;...
		1.000	1.000	1.000	1.000	1.000	1.000	1.000	1.000	1.000	1.000	0.941	0.875	0.980	1.000	0.984	0.408	0.388	0.953	1.000	1.000	0.980	0.988	1.000	1.000	1.000	1.000	1.000	1.000	1.000	1.000	1.000	1.000;...
		1.000	1.000	1.000	1.000	1.000	1.000	1.000	1.000	1.000	1.000	1.000	1.000	1.000	1.000	1.000	0.996	0.953	1.000	1.000	1.000	1.000	1.000	1.000	1.000	1.000	1.000	1.000	1.000	1.000	1.000	1.000	1.000;...
		1.000	1.000	1.000	1.000	1.000	1.000	1.000	1.000	1.000	1.000	1.000	1.000	1.000	1.000	1.000	1.000	1.000	1.000	1.000	1.000	1.000	1.000	1.000	1.000	1.000	1.000	1.000	1.000	1.000	1.000	1.000	1.000;...
	];
