function CData = ZoomIn()
    %

% Copyright 2015 Yulin Wu, Institute of Physics, Chinese  Academy of Sciences
% mail4ywu@gmail.com/mail4ywu@icloud.com

    CData(:,:,1) = [...
        NaN                 NaN   0.745082780193790   0.603906309605554   0.603906309605554   0.603906309605554   0.603906309605554   0.568627450980392   0.764705882352941                 NaN                 NaN                 NaN                 NaN                 NaN                 NaN                 NaN;...
                 NaN   0.698023956664378   0.568627450980392   0.780392156862745   0.823514152742809   0.854886701762417   0.925474937056535   0.827450980392157   0.596063172350652   0.749019607843137                 NaN                 NaN                 NaN                 NaN                 NaN                 NaN;...
   0.752925917448692   0.501945525291829   0.737239642938888   0.643121995880064   0.584313725490196   0.690180819409476   0.760769054703593   1.000000000000000   0.894102388036927   0.596063172350652                 NaN                 NaN                 NaN                 NaN                 NaN                 NaN;...
   0.682337682154574   0.639215686274510   0.650965133134966   0.600000000000000   0.596063172350652   0.196078431372549   0.596063172350652   0.764705882352941   0.941161211566339   0.721553368429084   0.603906309605554                 NaN                 NaN                 NaN                 NaN                 NaN;...
   0.603906309605554   0.686274509803922   0.678431372549020   0.682337682154574   0.662745098039216   0.196078431372549   0.650965133134966   0.639215686274510   0.788235294117647   0.811764705882353   0.603906309605554                 NaN                 NaN                 NaN                 NaN                 NaN;...
   0.603906309605554   0.764705882352941   0.815671015487907   0.196078431372549   0.196078431372549   0.196078431372549   0.196078431372549   0.196078431372549   0.682337682154574   0.815671015487907   0.603906309605554                 NaN                 NaN                 NaN                 NaN                 NaN;...
   0.603906309605554   0.866666666666667   0.952941176470588   0.803921568627451   0.803921568627451   0.196078431372549   0.619592584115358   0.607843137254902   0.737239642938888   0.741176470588235   0.603906309605554                 NaN                 NaN                 NaN                 NaN                 NaN;...
   0.682337682154574   0.721553368429084   1.000000000000000   1.000000000000000   0.968627450980392   0.196078431372549   0.709803921568627   0.670588235294118   0.807827878233005   0.564690623331044   0.772549019607843                 NaN                 NaN                 NaN                 NaN                 NaN;...
                 NaN   0.592156862745098   0.839200427252613   1.000000000000000   1.000000000000000   0.901945525291829   0.788235294117647   0.792141603723201   0.549004348821241   0.654901960784314                 NaN   1.000000000000000                 NaN                 NaN                 NaN                 NaN;...
                 NaN                 NaN   0.639215686274510   0.698023956664378   0.827450980392157   0.784298466468299   0.650965133134966   0.498054474708171   0.623529411764706   0.627435721370260   0.890196078431373   0.937254901960784   0.996063172350652                 NaN                 NaN                 NaN;...
                 NaN                 NaN                 NaN   0.772549019607843   0.698023956664378   0.678431372549020   0.690180819409476   0.784298466468299   0.666651407644770   0.615686274509804   0.745082780193790   1.000000000000000   0.933318074311437   0.996063172350652                 NaN                 NaN;...
                 NaN                 NaN                 NaN                 NaN                 NaN                 NaN                 NaN                 NaN                 NaN   0.705867093919280   0.517631799801633   0.745082780193790   1.000000000000000   0.929411764705882   1.000000000000000                 NaN;...
                 NaN                 NaN                 NaN                 NaN                 NaN                 NaN                 NaN                 NaN                 NaN                 NaN   0.701960784313725   0.513725490196078   0.741176470588235   1.000000000000000   0.925474937056535   0.749019607843137;...
                 NaN                 NaN                 NaN                 NaN                 NaN                 NaN                 NaN                 NaN                 NaN                 NaN                 NaN   0.705867093919280   0.513725490196078   0.741176470588235   0.988220035095750   0.745082780193790;...
                 NaN                 NaN                 NaN                 NaN                 NaN                 NaN                 NaN                 NaN                 NaN                 NaN                 NaN                 NaN   0.701960784313725   0.533318074311437   0.549004348821241   0.654901960784314;...
                 NaN                 NaN                 NaN                 NaN                 NaN                 NaN                 NaN                 NaN                 NaN                 NaN                 NaN                 NaN                 NaN   0.694117647058824   0.635278858625162                 NaN;...
        ];
