function CData = ico_qobject()
	%ico_qobject
	%Image CData code generated by HardCodeImage


	CData(:,:,1)=[...
		0.992	1	1	1	1	1	1	1	1	1	1	1	1	1	1	1	1	1	1	1	1	1	1	1	1	1	1	1	1	1	1	1;...
		0.988	1	1	1	1	1	1	1	1	1	1	1	1	1	0.996	0.980	0.965	0.996	1	1	1	1	1	1	1	1	1	1	1	1	1	1;...
		0.988	1	1	1	1	1	1	1	1	1	1	1	1	0.976	0.514	0.086	0.047	0.294	0.871	1	1	1	1	1	1	1	1	1	1	1	1	1;...
		0.988	1	1	1	1	1	1	1	1	1	1	1	0.992	0.408	0	0.078	0.153	0	0.125	0.886	1	1	1	1	1	1	1	1	1	1	1	1;...
		0.988	1	1	1	1	1	1	1	1	1	1	0.996	0.667	0.004	0.173	0.898	0.984	0.471	0	0.294	0.988	1	1	1	1	1	1	1	1	1	1	1;...
		0.988	1	1	1	1	1	1	1	1	1	1	0.961	0.145	0.024	0.816	1	1	0.980	0.247	0.004	0.722	1	1	1	0.996	0.957	0.831	0.871	0.988	0.996	1	1;...
		0.988	1	1	1	1	1	0.996	0.996	0.996	0.996	0.996	0.667	0	0.373	0.996	1	1	1	0.753	0.004	0.290	0.996	0.992	0.980	0.702	0.110	0	0.004	0.275	0.902	1	1;...
		0.988	1	1	1	0.988	0.718	0.388	0.216	0.180	0.239	0.384	0.192	0.004	0.788	1	1	1	1	0.980	0.161	0.024	0.282	0.145	0.063	0.008	0	0	0	0	0.286	0.996	1;...
		0.988	1	1	0.992	0.424	0	0	0.012	0.027	0.008	0	0	0	0.102	0.427	0.808	0.871	0.482	0.125	0	0	0	0.059	0.063	0	0	0	0	0	0.012	0.875	1;...
		0.988	1	1	0.820	0.008	0.145	0.722	0.937	0.976	0.925	0.584	0	0.125	0.063	0	0.008	0.020	0	0.035	0.251	0	0.318	0.973	0.392	0	0	0	0	0	0	0.827	1;...
		0.988	1	1	0.663	0	0.522	0.996	1	1	1	0.533	0	0.561	0.392	0	0	0	0	0.161	0.725	0.059	0.157	0.996	0.600	0	0	0	0	0	0.055	0.929	1;...
		0.988	1	1	0.780	0	0.361	0.996	1	1	1	0.369	0	0.039	0	0.114	0.600	0.745	0.251	0.004	0.016	0.012	0.031	0.941	0.957	0.188	0	0	0	0.004	0.537	0.996	1;...
		0.988	1	1	0.969	0.133	0.043	0.871	1	0.996	0.957	0.184	0	0.024	0.447	0.937	0.996	0.996	0.988	0.686	0.141	0	0.004	0.718	0.996	0.922	0.408	0.004	0.031	0.631	0.988	1	1;...
		0.988	1	1	1	0.588	0	0.306	0.988	0.886	0.224	0	0.043	0.757	0.996	1	1	1	1	1	0.937	0.278	0	0.031	0.588	0.992	0.475	0	0.388	0.996	1	1	1;...
		0.988	1	1	1	0.976	0.239	0	0.427	0.122	0	0	0.129	0.988	1	1	1	1	1	1	1	0.498	0	0.004	0	0.310	0.012	0.106	0.910	1	1	1	1;...
		0.988	1	1	1	1	0.875	0.102	0	0	0.424	0.051	0.133	0.992	1	1	1	1	1	1	1	0.514	0	0.494	0.094	0	0.020	0.745	1	1	1	1	1;...
		0.988	1	1	1	1	0.949	0.184	0	0	0.533	0.055	0.133	0.992	1	1	1	1	1	1	1	0.518	0	0.333	0.016	0	0	0.569	0.996	1	1	1	1;...
		0.988	1	1	1	0.992	0.380	0	0.294	0.086	0	0	0.129	0.988	1	1	1	1	1	1	1	0.498	0	0	0.020	0.525	0.075	0.027	0.780	1	1	1	1;...
		0.988	1	1	0.996	0.737	0.008	0.153	0.945	0.847	0.176	0	0.043	0.773	0.996	1	1	1	1	0.996	0.922	0.235	0	0.067	0.714	0.996	0.686	0.008	0.208	0.976	1	1	1;...
		0.988	1	0.992	0.569	0.059	0	0.031	0.443	0.980	0.941	0.176	0	0.024	0.439	0.925	0.996	0.996	0.984	0.655	0.110	0	0.004	0.745	1	1	0.992	0.322	0	0.706	1	1	1;...
		0.988	1	0.675	0.008	0	0	0	0	0.522	0.996	0.373	0	0.043	0	0.090	0.545	0.741	0.247	0.004	0.024	0.020	0.031	0.937	1	1	1	0.753	0	0.400	0.996	1	1;...
		0.988	1	0.275	0	0	0	0	0	0.125	0.984	0.541	0	0.557	0.439	0.008	0	0	0	0.145	0.741	0.059	0.153	0.996	1	1	1	0.882	0.016	0.275	0.996	1	1;...
		0.988	1	0.212	0	0	0	0	0	0.039	0.957	0.675	0	0.157	0.102	0	0.004	0.031	0	0.008	0.149	0	0.255	0.867	0.957	0.957	0.820	0.353	0	0.443	1	1	1;...
		0.988	1	0.373	0	0	0	0	0	0.008	0.082	0.004	0	0	0.047	0.361	0.749	0.933	0.596	0.239	0.008	0	0	0	0.008	0.008	0	0	0.169	0.902	1	1	1;...
		0.988	1	0.839	0.067	0	0	0	0.012	0.071	0.133	0.251	0.161	0	0.749	1	1	1	1	0.988	0.180	0.027	0.443	0.302	0.220	0.220	0.318	0.592	0.949	1	1	1	1;...
		0.988	1	0.996	0.827	0.341	0.165	0.286	0.761	0.980	0.992	0.996	0.678	0	0.369	0.996	1	1	1	0.737	0.004	0.298	0.996	0.996	0.996	0.996	0.996	0.996	1	1	1	1	1;...
		0.988	1	1	0.996	0.996	0.996	0.996	0.996	1	1	1	0.965	0.153	0.024	0.804	0.996	1	0.980	0.235	0.008	0.729	1	1	1	1	1	1	1	1	1	1	1;...
		0.988	1	1	1	1	1	1	1	1	1	1	0.996	0.678	0.004	0.161	0.882	0.980	0.447	0	0.310	0.992	1	1	1	1	1	1	1	1	1	1	1;...
		0.988	1	1	1	1	1	1	1	1	1	1	1	0.992	0.427	0	0.063	0.137	0	0.137	0.890	1	1	1	1	1	1	1	1	1	1	1	1;...
		0.988	1	1	1	1	1	1	1	1	1	1	1	1	0.980	0.537	0.106	0.059	0.310	0.875	1	1	1	1	1	1	1	1	1	1	1	1	1;...
		0.988	1	1	1	1	1	1	1	1	1	1	1	1	1	1	0.992	0.984	0.996	1	1	1	1	1	1	1	1	1	1	1	1	1	1;...
		0.988	1	1	1	1	1	1	1	1	1	1	1	1	1	1	1	1	1	1	1	1	1	1	1	1	1	1	1	1	1	1	0.973;...
	];
