function CData = ico_user()
	%ico_user
	%Image CData code generated by HardCodeImage


	CData(:,:,1)=[...
		1	0.988	1	0.988	0.988	0.996	1	0.996	0.988	1	0.996	0.988	0.996	1	0.988	0.988	1	0.988	0.988	1	1	1	1	1	1	1	1	1	1	1	1	1;...
		1	1	1	0.988	1	0.988	1	0.988	1	1	0.988	1	0.988	1	0.988	1	1	0.988	1	1	1	1	1	1	1	1	1	1	0.988	0.988	1	0.988;...
		1	0.988	1	0.988	1	0.988	1	0.988	1	1	0.988	1	0.824	0.486	0.263	0.157	0.157	0.267	0.482	0.835	1	1	1	1	1	1	1	1	1	1	1	1;...
		1	0.988	1	0.988	1	0.988	1	1	0.988	1	0.969	0.478	0.145	0.145	0.145	0.145	0.145	0.145	0.145	0.145	0.482	0.969	1	1	1	1	1	1	0.988	0.988	0.988	0.988;...
		1	1	1	1	1	1	1	1	1	0.969	0.345	0.145	0.145	0.145	0.145	0.145	0.145	0.145	0.145	0.145	0.145	0.345	0.969	1	1	1	1	1	1	1	1	0.988;...
		1	1	1	1	1	1	1	1	1	0.482	0.145	0.145	0.145	0.145	0.145	0.145	0.145	0.145	0.145	0.145	0.145	0.145	0.482	1	1	1	1	1	0.988	0.988	0.988	0.996;...
		1	1	1	1	1	1	1	1	0.835	0.145	0.145	0.145	0.145	0.145	0.145	0.145	0.145	0.145	0.145	0.145	0.145	0.145	0.145	0.835	1	1	1	1	1	1	1	1;...
		1	1	1	1	1	1	1	1	0.486	0.145	0.145	0.145	0.145	0.145	0.145	0.145	0.145	0.145	0.145	0.145	0.145	0.145	0.145	0.486	1	1	1	1	1	0.988	0.988	0.996;...
		1	1	1	1	1	1	1	1	0.267	0.145	0.145	0.145	0.145	0.145	0.145	0.145	0.145	0.145	0.145	0.145	0.145	0.145	0.145	0.267	1	1	1	1	0.988	1	1	0.988;...
		1	1	1	1	1	1	1	1	0.157	0.145	0.145	0.145	0.145	0.145	0.145	0.145	0.145	0.145	0.145	0.145	0.145	0.145	0.145	0.157	1	1	1	1	1	1	1	1;...
		1	1	1	1	1	1	1	1	0.157	0.145	0.145	0.145	0.145	0.145	0.145	0.145	0.145	0.145	0.145	0.145	0.145	0.145	0.145	0.157	1	1	1	1	1	0.988	0.988	0.996;...
		1	1	1	1	1	1	1	1	0.267	0.145	0.145	0.145	0.145	0.145	0.145	0.145	0.145	0.145	0.145	0.145	0.145	0.145	0.145	0.267	1	1	1	1	0.988	1	1	0.988;...
		1	1	1	1	1	1	1	1	0.486	0.145	0.145	0.145	0.145	0.145	0.145	0.145	0.145	0.145	0.145	0.145	0.145	0.145	0.145	0.486	1	1	1	1	1	0.988	0.988	0.996;...
		0.988	1	0.988	0.988	1	1	1	1	0.835	0.145	0.145	0.145	0.145	0.145	0.145	0.145	0.145	0.145	0.145	0.145	0.145	0.145	0.145	0.835	1	1	1	1	1	1	1	1;...
		0.988	0.988	1	0.988	1	1	1	1	1	0.482	0.145	0.145	0.145	0.145	0.145	0.145	0.145	0.145	0.145	0.145	0.145	0.145	0.482	1	1	1	1	1	0.988	0.988	0.988	0.988;...
		1	1	1	1	1	1	1	1	1	0.969	0.345	0.145	0.145	0.145	0.145	0.145	0.145	0.145	0.145	0.145	0.145	0.345	0.969	1	1	1	1	1	1	1	1	0.988;...
		0.988	1	1	1	1	1	1	1	1	1	0.969	0.482	0.145	0.145	0.145	0.145	0.145	0.145	0.145	0.145	0.482	0.969	1	1	1	1	1	1	1	1	1	1;...
		0.988	0.988	0.988	0.988	1	1	1	1	1	1	0.965	0.835	0.835	0.486	0.267	0.157	0.157	0.267	0.486	0.835	0.835	0.965	1	1	1	1	1	1	0.988	1	0.988	0.988;...
		1	1	1	1	1	1	1	1	1	0.851	0.278	0.145	0.388	0.694	0.890	0.984	0.984	0.890	0.694	0.388	0.145	0.278	0.851	1	1	1	1	1	0.988	0.988	1	0.988;...
		0.996	0.988	0.988	1	1	1	1	1	0.718	0.176	0.145	0.145	0.145	0.145	0.145	0.145	0.145	0.145	0.145	0.145	0.145	0.145	0.176	0.718	1	1	1	1	1	1	1	1;...
		0.988	1	1	0.988	1	1	1	0.722	0.153	0.145	0.145	0.145	0.145	0.145	0.145	0.145	0.145	0.145	0.145	0.145	0.145	0.145	0.145	0.149	0.718	1	1	1	1	1	1	1;...
		0.996	0.988	0.988	1	1	1	0.929	0.192	0.145	0.145	0.145	0.145	0.145	0.145	0.145	0.145	0.145	0.145	0.145	0.145	0.145	0.145	0.145	0.145	0.192	0.929	1	1	1	1	1	1;...
		1	1	1	1	1	1	0.596	0.145	0.145	0.145	0.145	0.145	0.145	0.145	0.145	0.145	0.145	0.145	0.145	0.145	0.145	0.145	0.145	0.145	0.145	0.596	1	1	1	1	1	1;...
		0.988	1	1	0.988	1	1	0.365	0.145	0.145	0.145	0.145	0.145	0.145	0.145	0.145	0.145	0.145	0.145	0.145	0.145	0.145	0.145	0.145	0.145	0.145	0.365	1	1	1	1	1	1;...
		0.996	0.988	0.988	1	1	1	0.227	0.145	0.145	0.145	0.145	0.145	0.145	0.145	0.145	0.145	0.145	0.145	0.145	0.145	0.145	0.145	0.145	0.145	0.145	0.227	1	1	1	1	1	1;...
		1	1	1	1	1	1	0.161	0.145	0.145	0.145	0.145	0.145	0.145	0.145	0.145	0.145	0.145	0.145	0.145	0.145	0.145	0.145	0.145	0.145	0.145	0.161	1	1	1	1	1	1;...
		0.996	0.988	0.988	0.988	1	1	0.153	0.145	0.145	0.145	0.145	0.145	0.145	0.145	0.145	0.145	0.145	0.145	0.145	0.145	0.145	0.145	0.145	0.145	0.145	0.153	1	1	1	1	1	1;...
		0.988	1	1	1	1	1	0.494	0.145	0.145	0.145	0.145	0.145	0.145	0.145	0.145	0.145	0.145	0.145	0.145	0.145	0.145	0.145	0.145	0.145	0.145	0.494	1	1	1	1	1	1;...
		0.988	0.988	0.988	0.988	1	1	0.996	0.667	0.271	0.145	0.145	0.145	0.145	0.145	0.145	0.145	0.145	0.145	0.145	0.145	0.145	0.145	0.145	0.267	0.667	0.996	0.988	1	0.988	1	0.988	1;...
		1	1	1	1	1	1	1	1	1	0.847	0.627	0.463	0.341	0.239	0.180	0.149	0.149	0.180	0.243	0.341	0.463	0.620	0.847	1	0.988	1	0.988	1	0.988	1	0.988	1;...
		0.988	1	0.988	0.988	1	1	1	1	1	1	1	1	1	1	0.988	1	1	0.988	1	0.988	1	0.988	1	1	0.988	1	0.988	1	0.988	1	1	1;...
		1	1	1	1	1	1	1	1	1	1	1	1	1	0.988	0.988	1	0.988	0.988	1	0.996	0.988	0.996	1	0.988	0.996	1	0.996	0.988	0.988	1	0.988	1;...
	];
