function CData = ico_settings()
	%ico_settings
	%Image CData code generated by HardCodeImage


	CData(:,:,1)=[...
		1	1	1	1	1	1	1	1	1	1	1	1	1	1	1	1	1	1	1	1	1	1	1	1	1	1	1	1	1	1	1	1;...
		1	1	1	1	1	1	1	1	1	1	1	1	1	1	1	1	1	1	1	1	1	1	1	1	1	1	1	1	1	1	1	1;...
		1	1	1	1	1	1	1	1	1	0.996	0.898	0.616	0.635	1	1	1	1	1	0.937	0.478	0.722	0.957	1	1	1	1	1	1	1	1	1	1;...
		1	1	1	1	1	1	1	1	0.882	0.424	0.075	0	0.086	0.839	1	1	1	0.992	0.522	0	0.004	0.161	0.592	0.961	1	1	1	1	1	1	1	1;...
		1	1	1	1	1	1	1	0.996	0.443	0	0	0	0	0.122	0.608	0.831	0.776	0.408	0.020	0	0	0	0.024	0.812	1	1	1	1	1	1	1	1;...
		1	1	1	1	1	1	1	1	0.671	0	0	0	0	0	0	0.008	0.004	0	0	0	0	0	0.102	0.965	1	1	1	1	1	1	1	1;...
		1	1	1	1	1	1	1	1	0.624	0	0	0	0	0	0	0	0	0	0	0	0	0	0.071	0.925	1	1	1	1	1	1	1	1;...
		1	1	1	1	1	1	1	0.969	0.259	0	0	0	0	0	0	0	0	0	0	0	0	0	0	0.592	0.996	1	1	1	1	1	1	1;...
		1	1	1	0.933	0.984	0.996	0.922	0.424	0.004	0	0	0	0	0	0	0	0	0	0	0	0	0	0	0.063	0.639	0.965	0.996	0.929	0.957	1	1	1;...
		1	1	0.965	0.239	0.173	0.235	0.090	0	0	0	0	0	0	0.157	0.392	0.518	0.490	0.322	0.067	0	0	0	0	0	0.008	0.125	0.192	0.086	0.525	0.996	1	1;...
		1	1	0.686	0.004	0	0	0	0	0	0	0	0.110	0.667	0.969	0.996	1	1	0.996	0.914	0.459	0.020	0	0	0	0	0	0	0	0.110	0.929	1	1;...
		1	0.992	0.302	0	0	0	0	0	0	0	0.157	0.882	1	1	1	1	1	1	1	0.996	0.655	0.020	0	0	0	0	0	0	0	0.643	1	1;...
		1	0.914	0.071	0	0	0	0	0	0	0.039	0.812	1	1	1	1	1	1	1	1	1	1	0.494	0	0	0	0	0	0	0	0.341	0.996	1;...
		1	0.973	0.635	0.090	0	0	0	0	0	0.412	0.996	1	1	1	1	1	1	1	1	1	1	0.941	0.102	0	0	0	0	0	0.298	0.843	0.996	1;...
		1	1	0.996	0.729	0.020	0	0	0	0.004	0.769	1	1	1	1	1	1	1	1	1	1	1	0.996	0.404	0	0	0	0	0.184	0.953	1	1	1;...
		1	1	1	0.992	0.227	0	0	0	0.035	0.906	1	1	1	1	1	1	1	1	1	1	1	1	0.592	0	0	0	0	0.584	1	1	1	1;...
		1	1	1	1	0.329	0	0	0	0.059	0.929	1	1	1	1	1	1	1	1	1	1	1	1	0.639	0	0	0	0	0.678	1	1	1	1;...
		1	1	1	0.976	0.169	0	0	0	0.016	0.867	1	1	1	1	1	1	1	1	1	1	1	0.996	0.525	0	0	0	0	0.455	0.996	1	1	1;...
		1	1	0.992	0.569	0.008	0	0	0	0	0.635	1	1	1	1	1	1	1	1	1	1	1	0.988	0.282	0	0	0	0	0.067	0.792	0.996	1	1;...
		1	0.953	0.412	0.027	0	0	0	0	0	0.220	0.973	1	1	1	1	1	1	1	1	1	1	0.816	0.020	0	0	0	0	0	0.075	0.580	0.996	1;...
		1	0.961	0.149	0	0	0	0	0	0	0	0.545	1	1	1	1	1	1	1	1	1	0.961	0.220	0	0	0	0	0	0	0	0.447	0.996	1;...
		1	0.996	0.459	0	0	0	0	0	0	0	0.012	0.557	0.980	1	1	1	1	1	0.996	0.914	0.282	0	0	0	0	0	0	0	0.020	0.788	1	1;...
		1	1	0.847	0.051	0	0	0	0	0	0	0	0	0.255	0.694	0.906	0.961	0.949	0.863	0.549	0.110	0	0	0	0	0	0	0	0	0.255	0.984	1	1;...
		1	1	0.996	0.498	0.424	0.518	0.302	0.024	0	0	0	0	0	0	0.047	0.133	0.110	0.020	0	0	0	0	0	0	0.098	0.443	0.569	0.396	0.757	1	1	1;...
		1	1	1	0.996	0.996	1	0.988	0.671	0.039	0	0	0	0	0	0	0	0	0	0	0	0	0	0	0.176	0.867	0.996	1	0.996	0.996	1	1	1;...
		1	1	1	1	1	1	1	0.992	0.424	0	0	0	0	0	0	0	0	0	0	0	0	0	0.008	0.714	1	1	1	1	1	1	1	1;...
		1	1	1	1	1	1	1	1	0.706	0	0	0	0	0	0	0	0	0	0	0	0	0	0.075	0.941	1	1	1	1	1	1	1	1;...
		1	1	1	1	1	1	1	1	0.682	0	0	0	0	0	0.035	0.165	0.133	0.016	0	0	0	0	0.055	0.910	1	1	1	1	1	1	1	1;...
		1	1	1	1	1	1	1	1	0.600	0.039	0	0	0	0.275	0.847	0.992	0.984	0.733	0.129	0	0	0	0.118	0.816	1	1	1	1	1	1	1	1;...
		1	1	1	1	1	1	1	1	0.996	0.820	0.408	0.114	0.149	0.925	1	1	1	1	0.769	0.055	0.196	0.557	0.922	0.996	1	1	1	1	1	1	1	1;...
		1	1	1	1	1	1	1	1	1	1	0.996	0.941	0.886	1	1	1	1	1	0.988	0.871	0.976	0.996	1	1	1	1	1	1	1	1	1	1;...
		1	1	1	1	1	1	1	1	1	1	1	1	1	1	1	1	1	1	1	1	1	1	1	1	1	1	1	1	1	1	1	1;...
	];
	CData(:,:,2)=[...
		1	1	1	1	1	1	1	1	1	1	1	1	1	1	1	1	1	1	1	1	1	1	1	1	1	1	1	1	1	1	1	1;...
		1	1	1	1	1	1	1	1	1	1	1	1	1	1	1	1	1	1	1	1	1	1	1	1	1	1	1	1	1	1	1	1;...
		1	1	1	1	1	1	1	1	1	0.996	0.898	0.616	0.635	1	1	1	1	1	0.937	0.478	0.722	0.957	1	1	1	1	1	1	1	1	1	1;...
		1	1	1	1	1	1	1	1	0.882	0.424	0.075	0	0.086	0.839	1	1	1	0.992	0.522	0	0.004	0.161	0.592	0.961	1	1	1	1	1	1	1	1;...
		1	1	1	1	1	1	1	0.996	0.443	0	0	0	0	0.122	0.608	0.831	0.776	0.408	0.020	0	0	0	0.024	0.812	1	1	1	1	1	1	1	1;...
		1	1	1	1	1	1	1	1	0.671	0	0	0	0	0	0	0.008	0.004	0	0	0	0	0	0.102	0.965	1	1	1	1	1	1	1	1;...
		1	1	1	1	1	1	1	1	0.624	0	0	0	0	0	0	0	0	0	0	0	0	0	0.071	0.925	1	1	1	1	1	1	1	1;...
		1	1	1	1	1	1	1	0.969	0.259	0	0	0	0	0	0	0	0	0	0	0	0	0	0	0.592	0.996	1	1	1	1	1	1	1;...
		1	1	1	0.933	0.984	0.996	0.922	0.424	0.004	0	0	0	0	0	0	0	0	0	0	0	0	0	0	0.063	0.639	0.965	0.996	0.929	0.957	1	1	1;...
		1	1	0.965	0.239	0.173	0.235	0.090	0	0	0	0	0	0	0.157	0.392	0.518	0.490	0.322	0.067	0	0	0	0	0	0.008	0.125	0.192	0.086	0.525	0.996	1	1;...
		1	1	0.686	0.004	0	0	0	0	0	0	0	0.110	0.667	0.969	0.996	1	1	0.996	0.914	0.459	0.020	0	0	0	0	0	0	0	0.110	0.929	1	1;...
		1	0.992	0.302	0	0	0	0	0	0	0	0.157	0.882	1	1	1	1	1	1	1	0.996	0.655	0.020	0	0	0	0	0	0	0	0.643	1	1;...
		1	0.914	0.071	0	0	0	0	0	0	0.039	0.812	1	1	1	1	1	1	1	1	1	1	0.494	0	0	0	0	0	0	0	0.341	0.996	1;...
		1	0.973	0.635	0.090	0	0	0	0	0	0.412	0.996	1	1	1	1	1	1	1	1	1	1	0.941	0.102	0	0	0	0	0	0.298	0.843	0.996	1;...
		1	1	0.996	0.729	0.020	0	0	0	0.004	0.769	1	1	1	1	1	1	1	1	1	1	1	0.996	0.404	0	0	0	0	0.184	0.953	1	1	1;...
		1	1	1	0.992	0.227	0	0	0	0.035	0.906	1	1	1	1	1	1	1	1	1	1	1	1	0.592	0	0	0	0	0.584	1	1	1	1;...
		1	1	1	1	0.329	0	0	0	0.059	0.929	1	1	1	1	1	1	1	1	1	1	1	1	0.639	0	0	0	0	0.678	1	1	1	1;...
		1	1	1	0.976	0.169	0	0	0	0.016	0.867	1	1	1	1	1	1	1	1	1	1	1	0.996	0.525	0	0	0	0	0.455	0.996	1	1	1;...
		1	1	0.992	0.569	0.008	0	0	0	0	0.635	1	1	1	1	1	1	1	1	1	1	1	0.988	0.282	0	0	0	0	0.067	0.792	0.996	1	1;...
		1	0.953	0.412	0.027	0	0	0	0	0	0.220	0.973	1	1	1	1	1	1	1	1	1	1	0.816	0.020	0	0	0	0	0	0.075	0.580	0.996	1;...
		1	0.961	0.149	0	0	0	0	0	0	0	0.545	1	1	1	1	1	1	1	1	1	0.961	0.220	0	0	0	0	0	0	0	0.447	0.996	1;...
		1	0.996	0.459	0	0	0	0	0	0	0	0.012	0.557	0.980	1	1	1	1	1	0.996	0.914	0.282	0	0	0	0	0	0	0	0.020	0.788	1	1;...
		1	1	0.847	0.051	0	0	0	0	0	0	0	0	0.255	0.694	0.906	0.961	0.949	0.863	0.549	0.110	0	0	0	0	0	0	0	0	0.255	0.984	1	1;...
		1	1	0.996	0.498	0.424	0.518	0.302	0.024	0	0	0	0	0	0	0.047	0.133	0.110	0.020	0	0	0	0	0	0	0.098	0.443	0.569	0.396	0.757	1	1	1;...
		1	1	1	0.996	0.996	1	0.988	0.671	0.039	0	0	0	0	0	0	0	0	0	0	0	0	0	0	0.176	0.867	0.996	1	0.996	0.996	1	1	1;...
		1	1	1	1	1	1	1	0.992	0.424	0	0	0	0	0	0	0	0	0	0	0	0	0	0.008	0.714	1	1	1	1	1	1	1	1;...
		1	1	1	1	1	1	1	1	0.706	0	0	0	0	0	0	0	0	0	0	0	0	0	0.075	0.941	1	1	1	1	1	1	1	1;...
		1	1	1	1	1	1	1	1	0.682	0	0	0	0	0	0.035	0.165	0.133	0.016	0	0	0	0	0.055	0.910	1	1	1	1	1	1	1	1;...
		1	1	1	1	1	1	1	1	0.600	0.039	0	0	0	0.275	0.847	0.992	0.984	0.733	0.129	0	0	0	0.118	0.816	1	1	1	1	1	1	1	1;...
		1	1	1	1	1	1	1	1	0.996	0.820	0.408	0.114	0.149	0.925	1	1	1	1	0.769	0.055	0.196	0.557	0.922	0.996	1	1	1	1	1	1	1	1;...
		1	1	1	1	1	1	1	1	1	1	0.996	0.941	0.886	1	1	1	1	1	0.988	0.871	0.976	0.996	1	1	1	1	1	1	1	1	1	1;...
		1	1	1	1	1	1	1	1	1	1	1	1	1	1	1	1	1	1	1	1	1	1	1	1	1	1	1	1	1	1	1	1;...
	];
