function CData = ico_hardwave_chip()
	%ico_hardwave_chip
	%Image CData code generated by HardCodeImage


	CData(:,:,1)=[...
		1	1	1	1	1	1	1	1	1	0.996	0.984	0.996	1	0.996	0.984	1	1	0.996	0.984	1	1	0.992	0.988	1	1	1	1	1	1	1	1	1;...
		1	1	1	1	1	1	1	1	1	0.776	0.173	0.710	1	0.663	0.176	0.820	1	0.541	0.208	0.910	1	0.420	0.278	0.969	1	1	1	1	1	1	1	1;...
		1	1	1	1	1	1	1	1	1	0.604	0.157	0.569	1	0.463	0.169	0.694	1	0.341	0.176	0.816	1	0.216	0.192	0.929	1	1	1	1	1	1	1	1;...
		1	1	1	1	1	1	1	1	1	0.608	0.173	0.573	1	0.471	0.180	0.698	1	0.349	0.184	0.820	1	0.227	0.196	0.929	1	1	1	1	1	1	1	1;...
		1	1	1	1	1	1	1	1	1	0.608	0.173	0.573	1	0.471	0.180	0.698	1	0.349	0.184	0.820	1	0.227	0.196	0.929	1	1	1	1	1	1	1	1;...
		1	1	1	1	1	1	1	1	1	0.788	0.561	0.773	1	0.718	0.565	0.835	1	0.655	0.565	0.902	1	0.588	0.573	0.961	1	1	1	1	1	1	1	1;...
		1	1	1	1	1	1	1	0.988	0.729	0.525	0.522	0.522	0.518	0.518	0.522	0.518	0.518	0.518	0.522	0.518	0.518	0.518	0.522	0.553	0.855	0.996	1	1	1	1	1	1;...
		1	1	1	1	1	1	0.996	0.510	0.086	0.137	0.149	0.149	0.149	0.149	0.149	0.149	0.149	0.149	0.149	0.149	0.149	0.149	0.149	0.145	0.169	0.800	1	1	1	1	1	1;...
		1	1	0.996	0.996	0.996	0.996	0.953	0.133	0.176	0.188	0.188	0.188	0.188	0.188	0.188	0.188	0.188	0.188	0.188	0.188	0.188	0.188	0.188	0.188	0.184	0.463	0.996	0.996	0.996	0.996	0.996	1;...
		1	0.745	0.239	0.235	0.235	0.282	0.910	0.129	0.188	0.188	0.188	0.188	0.188	0.188	0.188	0.188	0.188	0.188	0.188	0.188	0.188	0.188	0.188	0.188	0.188	0.396	0.765	0.231	0.235	0.235	0.322	0.937;...
		1	0.624	0.176	0.192	0.192	0.243	0.910	0.137	0.188	0.188	0.188	0.188	0.188	0.188	0.188	0.188	0.188	0.188	0.188	0.188	0.188	0.188	0.188	0.188	0.188	0.396	0.722	0.165	0.192	0.192	0.235	0.902;...
		1	0.996	0.925	0.918	0.918	0.922	0.929	0.137	0.188	0.188	0.188	0.188	0.188	0.188	0.188	0.188	0.188	0.188	0.188	0.188	0.188	0.188	0.188	0.188	0.188	0.396	0.969	0.914	0.918	0.918	0.949	1;...
		1	0.996	0.984	0.980	0.980	0.984	0.929	0.137	0.188	0.188	0.188	0.188	0.188	0.188	0.188	0.188	0.188	0.188	0.188	0.188	0.188	0.188	0.188	0.188	0.188	0.396	0.992	0.980	0.980	0.980	0.988	0.996;...
		1	0.675	0.125	0.129	0.129	0.184	0.906	0.137	0.188	0.188	0.188	0.188	0.188	0.188	0.188	0.188	0.188	0.188	0.188	0.188	0.188	0.188	0.188	0.188	0.188	0.396	0.725	0.122	0.129	0.129	0.208	0.914;...
		1	0.694	0.231	0.231	0.231	0.282	0.910	0.137	0.188	0.188	0.188	0.188	0.188	0.188	0.188	0.188	0.188	0.188	0.188	0.188	0.188	0.188	0.188	0.188	0.188	0.396	0.729	0.204	0.231	0.231	0.310	0.925;...
		1	1	0.996	0.996	0.996	0.996	0.933	0.137	0.188	0.188	0.188	0.188	0.188	0.188	0.188	0.188	0.188	0.188	0.188	0.188	0.188	0.188	0.188	0.188	0.188	0.396	0.996	0.996	0.996	0.996	0.996	1;...
		1	0.996	0.898	0.882	0.882	0.890	0.929	0.137	0.188	0.188	0.188	0.188	0.188	0.188	0.188	0.188	0.188	0.188	0.188	0.188	0.188	0.188	0.188	0.188	0.188	0.396	0.965	0.882	0.882	0.882	0.933	1;...
		1	0.604	0.082	0.102	0.102	0.157	0.906	0.137	0.188	0.188	0.188	0.188	0.188	0.188	0.188	0.188	0.188	0.188	0.188	0.188	0.188	0.188	0.188	0.188	0.188	0.396	0.714	0.090	0.102	0.102	0.141	0.890;...
		1	0.765	0.361	0.361	0.361	0.400	0.914	0.137	0.188	0.188	0.188	0.188	0.188	0.188	0.188	0.188	0.188	0.188	0.188	0.188	0.188	0.188	0.188	0.188	0.188	0.396	0.776	0.337	0.361	0.361	0.431	0.949;...
		1	1	0.996	0.996	0.996	0.996	0.929	0.137	0.188	0.188	0.188	0.188	0.188	0.188	0.188	0.188	0.188	0.188	0.188	0.188	0.188	0.188	0.188	0.188	0.188	0.396	0.996	0.996	0.996	0.996	0.996	1;...
		1	0.969	0.761	0.749	0.749	0.765	0.925	0.137	0.188	0.188	0.188	0.188	0.188	0.188	0.188	0.188	0.188	0.188	0.188	0.188	0.188	0.188	0.188	0.188	0.188	0.396	0.922	0.749	0.749	0.749	0.816	0.996;...
		1	0.561	0.094	0.118	0.118	0.173	0.906	0.137	0.188	0.188	0.188	0.188	0.188	0.188	0.188	0.188	0.188	0.188	0.188	0.188	0.188	0.188	0.188	0.188	0.188	0.396	0.714	0.102	0.118	0.118	0.133	0.871;...
		1	0.835	0.486	0.482	0.482	0.514	0.918	0.137	0.188	0.188	0.188	0.188	0.188	0.188	0.188	0.188	0.188	0.188	0.188	0.188	0.188	0.188	0.188	0.188	0.188	0.396	0.820	0.463	0.482	0.482	0.553	0.969;...
		1	1	1	1	1	1	0.965	0.212	0.188	0.188	0.188	0.188	0.188	0.188	0.188	0.188	0.188	0.188	0.188	0.188	0.188	0.188	0.188	0.188	0.188	0.506	1	1	1	1	1	1;...
		1	1	1	1	1	1	1	0.682	0.212	0.188	0.188	0.188	0.188	0.188	0.188	0.188	0.188	0.188	0.188	0.188	0.188	0.188	0.188	0.188	0.290	0.886	1	1	1	1	1	1;...
		1	1	1	1	1	1	1	0.996	0.890	0.753	0.749	0.749	0.749	0.749	0.749	0.749	0.749	0.749	0.749	0.749	0.749	0.749	0.749	0.773	0.957	1	1	1	1	1	1	1;...
		1	1	1	1	1	1	1	1	1	0.718	0.333	0.647	1	0.616	0.333	0.749	1	0.522	0.333	0.851	1	0.420	0.341	0.941	1	1	1	1	1	1	1	1;...
		1	1	1	1	1	1	1	1	1	0.604	0.157	0.561	1	0.467	0.165	0.690	1	0.345	0.169	0.812	1	0.220	0.180	0.925	1	1	1	1	1	1	1	1;...
		1	1	1	1	1	1	1	1	1	0.608	0.173	0.573	1	0.471	0.180	0.698	1	0.349	0.184	0.820	1	0.227	0.196	0.929	1	1	1	1	1	1	1	1;...
		1	1	1	1	1	1	1	1	1	0.608	0.173	0.573	1	0.471	0.180	0.698	1	0.349	0.184	0.820	1	0.227	0.196	0.929	1	1	1	1	1	1	1	1;...
		1	1	1	1	1	1	1	1	1	0.851	0.396	0.816	1	0.769	0.404	0.890	1	0.678	0.431	0.949	1	0.592	0.494	0.984	1	1	1	1	1	1	1	1;...
		1	1	1	1	1	1	1	1	1	1	1	1	1	1	1	1	1	1	1	1	1	1	1	1	1	1	1	1	1	1	1	1;...
	];
